Total data num is 10000
in dim is 784
MNIST mean is 33.778999, std is 73.048637
590.745239
591.929688
588.672485
583.227234
594.178406
581.226868
573.893738
556.316040
548.190857
560.997375
529.753662
534.962891
560.285156
515.645508
500.004486
488.288300
482.327240
480.673248
470.494141
489.384003
484.063477
456.073181
462.649231
459.530396
469.075470
450.596130
446.566315
484.227905
490.053101
464.217712
458.757965
470.381897
457.295197
449.013519
442.868866
449.194275
443.137421
425.490479
443.603729
446.982117
448.096802
446.209869
460.133911
443.090027
431.735138
426.066071
441.684021
441.457825
431.063538
427.837219
434.394165
424.703918
425.479370
417.933533
427.325165
433.599121
424.418793
432.361603
423.371887
421.977386
424.809387
429.534119
433.324585
436.935577
424.122070
435.346069
413.224487
420.345276
411.173187
430.241028
420.945251
406.437439
422.319275
413.800354
415.323669
419.067017
427.437256
424.966858
410.998718
435.134308
423.248383
428.609711
402.805634
427.438263
418.945251
410.009247
409.851410
428.831909
406.092499
414.661560
406.555603
416.624390
423.835571
424.584229
406.758850
407.099304
411.406647
408.492615
407.265167
413.568359
405.443604
412.783539
410.954895
407.464966
412.802429
410.321533
408.116516
394.640320
412.124359
396.804504
401.501465
407.611755
423.279785
409.971893
410.880249
396.941193
409.307068
404.621277
402.264526
391.987793
414.769684
403.377502
412.156525
402.405518
419.681274
409.214233
409.095398
397.605103
402.556335
401.674561
393.071594
388.071228
409.071045
397.629944
396.052368
398.445404
405.848206
405.021973
406.808777
406.018494
402.755615
407.361816
404.588318
395.967224
405.437805
405.190918
400.078735
395.218018
387.434387
399.247742
407.225586
398.940247
389.687683
395.250427
408.858185
395.689697
391.842651
408.455261
394.464935
396.008972
391.992798
382.994385
392.144501
395.528137
391.605591
403.810974
393.576843
402.071960
387.745117
387.321350
386.576355
395.546051
398.963654
395.869415
397.615387
392.589081
405.468536
385.920471
394.140411
396.645996
397.441162
391.252930
397.686890
401.002228
387.803131
388.475281
386.326752
397.553680
400.938080
404.239868
417.513184
400.301392
403.731750
400.164001
399.480072
